27603
1 5 8 4 3 7 9 13 14 16 24 27 25 20 26 28 29 23 22 21 17 18 19 15 12 11 10 6 2 1 
27603
1 5 8 4 3 7 9 13 14 16 24 27 25 20 26 28 29 23 22 21 17 18 19 15 12 11 10 6 2 1 
27612
1 5 8 4 3 7 9 13 14 16 24 27 25 20 26 28 29 23 22 21 17 18 19 15 12 10 11 6 2 1 
27603
1 2 6 10 11 12 15 19 18 17 21 22 23 29 28 26 20 25 27 24 16 14 13 9 7 3 4 8 5 1 
28266
1 2 6 10 11 12 15 19 18 22 23 29 21 17 28 26 20 25 27 24 16 14 13 9 7 3 4 8 5 1 
27603
1 2 6 10 11 12 15 19 18 17 21 22 23 29 28 26 20 25 27 24 16 14 13 9 7 3 4 8 5 1 
27603
1 2 6 10 11 12 15 19 18 17 21 22 23 29 28 26 20 25 27 24 16 14 13 9 7 3 4 8 5 1 
27603
1 5 8 4 3 7 9 13 14 16 24 27 25 20 26 28 29 23 22 21 17 18 19 15 12 11 10 6 2 1 
27603
1 5 8 4 3 7 9 13 14 16 24 27 25 20 26 28 29 23 22 21 17 18 19 15 12 11 10 6 2 1 
27603
1 2 6 10 11 12 15 19 18 17 21 22 23 29 28 26 20 25 27 24 16 14 13 9 7 3 4 8 5 1 
Average Distance: 27670.2
Standard Deviation: 198.61812606104203