29458
1 2 6 10 11 12 15 19 18 22 23 21 17 29 28 26 20 25 24 27 16 14 13 9 7 8 3 4 5 1 
28097
1 2 6 10 11 12 15 19 18 17 22 21 23 29 28 26 20 25 27 24 16 14 13 9 7 3 8 4 5 1 
28097
1 5 4 8 3 7 9 13 14 16 24 27 25 20 26 28 29 23 21 22 17 18 19 15 12 11 10 6 2 1 
28767
1 2 6 10 11 12 15 19 18 22 23 21 29 17 28 26 20 25 27 24 16 14 13 9 7 3 8 4 5 1 
28012
1 5 4 8 3 7 9 13 14 16 24 27 25 20 26 28 29 21 23 22 17 18 19 15 12 11 10 6 2 1 
30382
1 2 6 11 10 12 15 19 18 22 23 21 29 28 26 27 25 24 20 16 17 14 13 9 7 8 3 4 5 1 
29093
1 5 4 8 3 7 9 14 16 24 27 25 20 26 28 29 23 21 22 17 18 19 15 13 12 10 11 6 2 1 
29306
1 2 5 4 3 8 7 9 13 14 16 24 27 25 20 26 28 17 29 21 23 22 18 19 15 12 11 10 6 1 
28743
1 2 5 8 4 3 7 9 13 14 20 16 27 25 24 26 28 29 21 23 22 17 18 19 15 12 11 10 6 1 
33203
1 2 5 4 8 3 7 12 9 13 14 16 24 25 20 27 26 28 29 21 23 22 17 18 19 15 11 10 6 1 
Average Distance: 29315.8
Standard Deviation: 1470.2783954068018